0101110011010001
0110101010110001
0101001000110010
0110000000010010
0101000000000101
0101000000000110
0101000000001001
0101000000000111
0110000011110111
0101110011011010
0110101010111010
0101001000111011
0110000000011011
0010010010100111
1011000000010111
0010010010110111
1011000000010111
0101000011111000
0010010010000111
0101111111101100
0010000001111001
1111001011111001
1111011001011100
1100000000100111
0010000001111001
0101000000000101
0101000000011101
0011110110011110
0011110100011111
1111000011101111
0101001000101100
1111011000001100
1111001011110101
0101000001001100
1111011000001100
1111100100011101
1011000000010101
0010111101101100
1011000000010111
0010000001111001
0101000000000101
0101000000011101
0011110110011110
0011110100101111
1111000011101111
0101000101101100
1111011000001100
1111001011110101
0101000001001100
1111011000001100
1111100100011101
1011000000010101
0010111101101010
0101001000001100
1111000001101100
0101000001011100
1111011000001100
1011000011110111
0101000000001011
0010010010110111
0010110001001010
1011000011110111
0010010010000111
1100000100010111
0010010001000111
1011000000010110
0101110111010000
0010100000000011
1011000000010110
0010111010100011