55
55
31
16
1
51
5
21
37
-15
-28
-42
-42
17
-5
51
30
52
-51
54
54
-35
-39
-8
51
-42
-49
14
48
23
53
43
-30
-53
-43
-13
-18
-4
59
-43
11
58
23
-31
32
-21
-35
21
-8
52
-10
28
9
59
-12
14
31
-47
45
9
26
50
-23
-36
-62
18
-52
-11
4
1
58
62
-35
-17
-36
19
49
-59
13
30
31
52
55
-36
54
-12
-29
0
-13
-9
1
-17
53
45
45
0
62
-50
33
15
29
5
52
-11
-55
-26
-10
-8
46
-11
18
23
12
2
-2
3
-41
8
-49
-49
18
12
4
20
6
-44
-53
-28
44
53
14
60
49
16
-50
-59
-54
16
25
-23
-1
59
58
15
-46
-50
-34
22
-9
28
-16
43
-61
62
-45
46
55
58
-51
5
-37
-59
-51
26
-52
-10
-32
-13
-30
58
-42
51
19
-44
-35
51
10
-61
-61
-29
-27
-24
12
35
-15
37
-21
-36
44
-44
59
57
-6
-4
-15
-43
15
-63
-19
-54
51
-36
24
40
-5
-31
-22
-18
-59
25
-36
41
-24
-42
5
-60
27
-7
-45
-27
47
-39
16
24
-36
21
47
26
-41
2
-30
27
46
-25
-7
-9
-9
-9
36
-32
-13
-64
54
-8
-45
-6
0
-55
-64
-58
23
-25
19
1
12
-31
-25
27
59
43
-20
51
-62
36
-39
-52
7
-4
-46
41
-58
29
45
41
-15
51
-47
-38
-18
-20
-34
35
-8
62
55
-42
-11
-8
-49
-36
59
-42
-22
-1
42
5
11
-29
-9
-46
23
21
46
-7
-7
-63
-59
43
-31
-15
24
39
47
-48
21
14
1
-19
14
3
-61
15
56
25
-35
-60
19
-35
62
57
-53
-47
55
10
-42
-56
-62
-18
9
-9
-21
30
-58
-26
45
20
60
-13
-46
56
57
-52
-59
37
18
18
-40
0
-23
-56
57
41
-16
-26
-9
-26
28
50
13
-37
-56
45
29
48
-36
48
-38
-54
3
-9
48
30
-45
33
6
39
-1
49
-35
-23
22
16
-26
52
-7
-34
36
15
60
56
52
-19
-1
-48
-7
-19
44
-21
18
12
-32
-30
13
56
5
21
-62
-2
8
43
58
-53
6
51
41
-44
50
28
0
54
-3
14
60
41
-30
30
-25
-35
57
-2
13
-15
-17
-30
-43
32
47
60
-50
59
3
-47
32
-52
26
-4
40
-20
-4
6
9
-42
-21
6
20
-48
51
-29
12
-64
-15
-37
48
-62
-32
-24
29
24
-23
27
-28
-12
-37
-53
47
38
-18
38
25
-7
-38
38
2
31
41
-61
49
-23
-32
-19
9
-54
51
44
42
-1
-37
-34
35
57
7
-37
-39
-4224
3042
6003
-8240
3462
-7588
2182
-2851
922
454
-1957
4729
5441
813
-3309
5467
5231
-5591
5288
-3416
-8423
2519
4745
1139
1652
-9209
3231
8306
-4852
-4305
-4232
-2346
3803
374
-5658
2181
-4655
4790
-4940
7166
6818
810
-3507
-3111
-961
2225
3842
-6411
1242
1278
9251
-1944
-6894
-5766
-1443
3410
-2863
7389
3756
2083
-1234
865
1956
1817
6209
-13651
160
1718
1610
328
-1995
2048
7000
-2481
2641
2771
-7907
-538
-1824
-6355
2602
10141
-5790
1716
-6424
-775
-1108
2492
-2748
-7212
636
8464
608
-6038
-6995
-14251
705
7107
-4855
520
3009
-2397
488
8931
-5171
-1764
-4285
-5497
534
-3890
-3851
4742
4562
54
2060
-2638
1289
3286
676
-7731
1431
7223
2318
-7383
-2598
2828
3801
-3700
-7478
5687
-3939
39
-7888
-1212
1577
9896
-6900
-3132
5644
2446
4459
-4711
-13313
9219
-6899
-5107
-9163
2995
-5078
5348
-6170
7684
-7841
-1524
-6552
-2087
1651
-4045
3875
16247
-2140
-13109
-6972
2589
-15
11566
2379
-214
-923
9
-2597
-7335
888
2664
2421
2116
935
-9084
-9530
11006
7611
-668
6907
-506
-405
-4234
1048
-1334
3101
-4032
-3516
3126
11713
3084
5590
-906
-5657
6877
-48
-6216
7161
-1382
266
-1000
-4997
1255
5515
5636
5016
-9449
-4287
-1519
-5032
7925
-1176
561
9303
-3128
5952
3195
-13853
4704
-3258
422
-4082
-6131
566
661
4988
253
5143
-6045
-1936
2978
3964
3465
-2495
8045
224
-11854
-3770
6069
-11063
7944
5023
-1058
257
2975
-7617
6089
3086
-9371
-4930
2332
-4674
